1.230659186118411227e-02
4.281265750561082939e+00
-4.254080600622046071e-01
3.172199244590951928e+00
1.547324106590953541e+00
-8.089079976989289378e+00
2.791717035287448745e+00
4.804327630305049029e-02
-7.561602258713235436e+00
-2.760492755279418287e+00
3.390735308147042382e+00
-1.590480471507001559e+00
-3.245495357791969404e+00
1.174159406330098410e+00
4.605554886898798883e-01
4.297052843467478844e+00
2.046942721611413329e+00
3.805842797198153882e+00
-2.291163047048253798e+00
-1.282169055778151101e+00
-2.015329945728819627e+00
-1.267628364527177309e+00
-7.745105871403178632e+00
1.529153790024315951e+00
6.027519344707561455e-01
-8.294649176214608843e+00
-1.104472147762028955e+00
7.983756689510169979e-02
2.281363390054341522e+00
2.770733293208291759e+00
1.749672327998680332e+00
-1.202110099880809191e+00
-2.816740191680544014e-01
3.847043273425415855e+00
-1.331493494955100720e+00
-7.572132457287109375e+00
2.583148725059610129e+00
6.232718693868402049e-01
-8.401188783663164017e+00
-7.434067652736887410e+00
3.674398678300856869e+00
-2.131195531238822660e+00
-3.869609460653954613e+00
2.565511688256833622e+00
-8.054394136189960696e-01
3.531515934371070475e+00
3.352338653556884207e+00
-8.406573266207139739e+00
-8.433827033409311724e+00
5.482435229206079619e-01
1.356179129212787382e+00
1.842918490718863822e+00
-6.681369197829445383e-01
1.005334953015950772e+00
-1.303225525251326289e+00
-7.230171127019517030e+00
-7.371346979940763822e-01
3.822395942656015677e+00
2.894268195870872251e+00
-7.805359425937599127e+00
2.122234069355150243e+00
4.577417989432395196e+00
4.366831061972060724e-01
5.817526724272390481e+00
4.359232078922987697e+00
2.630676339400149999e+00
4.716968782489651679e-01
-8.499468151203039668e+00
1.336324328421478302e+00
-8.990307216996331618e+00
4.132441340311035383e+00
2.998703415093160185e-01
8.228153064462645494e-01
1.448969589188992435e+00
-7.498995809345047725e+00
7.884277661221685829e-01
-6.872576340816831220e+00
3.164019987299306003e+00
2.427600621303461992e+00
-7.832826641813909418e+00
-1.205004106785939166e+00
4.240621499397764005e+00
1.763739264029335230e+00
2.538046821312888834e+00
4.845692092959370534e+00
4.430139801160523305e+00
2.121516243221300169e+00
1.615262480118636601e+00
-7.613735064168390743e+00
1.484368357771469027e+00
-2.714138077299007801e+00
4.111744892376014704e+00
1.840435204201579911e+00
1.052137458068028941e+00
-5.195081066129821679e+00
-3.021899293056972358e+00
-7.115488653552938025e+00
5.586573477936100929e-01
-3.432966399754346032e+00
-7.405880563284203078e+00
9.385349946998219339e-01
-9.537287830626040019e-01
-1.989419885166323135e-02
4.936131274064651242e-01
-1.066755235348110092e-01
1.652438140016161849e+00
-9.020410571527318622e-01
-9.283478283303097101e+00
4.283345839559450141e+00
-3.279275057485196987e-01
4.420382963292413869e+00
-5.443394698645763752e-01
2.054960645613523873e-01
-8.457330567294487622e+00
8.726438127110315579e-02
-8.423186152508344904e+00
2.233443236567495549e-01
1.699205631170662034e+00
4.136857240312359352e+00
1.477699682288449168e-01
-1.813268483422787236e+00
4.316982968179839730e+00
1.447878223559409427e+00
-3.488209625670285474e-01
3.790686834910490077e+00
-1.056243514689713114e+00
7.490753882120854135e-01
-5.398297393106189501e-01
-2.193852477003907619e+00
1.140968415698385696e+00
-8.318415693878927542e+00
-8.446885296412046884e+00
-1.248911757864664462e+00
1.571707734502229281e-01
-8.045463473134052634e+00
2.477447953450086171e+00
-2.351933709061205136e+00
1.418514978909328095e+00
-7.328008174342723891e+00
4.290134554807341627e-01
-2.552067446330926526e+00
-7.950497613199299707e+00
-7.917574702043022938e+00
1.632092547086955392e+00
4.518202902619997130e-01
-8.007009476348063259e+00
-3.347260384028887259e+00
4.633837076455115667e-01
-7.905439894967146053e+00
-1.576711651733753161e-01
-8.271579962012518550e+00
-2.462912697860396793e+00
-2.610838039476449879e+00
4.613983599666203084e+00
3.138271450868305390e+00
-8.720968482448324011e+00
-2.578616388027160866e+00
-1.361441365138305271e+00
1.017156405728622204e+00
-3.700582800031435582e+00
-7.550622712180622642e+00
-7.473833264580141744e+00
1.086822497463959314e+00
3.375969757985074260e+00
4.460265206794259640e+00
-1.011085934291410471e+00
-3.781844777378363665e-01
1.134689727929225622e+00
-8.838161354413731630e+00
-2.600786349850002122e+00
-7.628941930434953278e+00
-1.350972479107442892e+00
7.530285938868488405e-01
-3.082013454331658409e+00
-7.583691007414977925e+00
1.440554319782446357e-01
4.600648722688705838e+00
1.522850619227571256e+00
5.229253059506950851e-01
2.634321308212086876e+00
1.321925604510660435e+00
2.221498025141490640e+00
4.574661603004911647e+00
3.115360698064582490e+00
3.793517946022098020e+00
1.405124710453082258e-02
-2.866826970597654789e+00
-7.486528613668105514e+00
2.704049794563336273e-01
1.370486265510510560e+00
1.867963212763618097e+00
7.448633370701506218e-01
-7.485337163121064119e-01
-3.789968228270079731e+00
-8.520582375275289166e+00
3.825871307972077418e+00
2.214892951980742403e-02
5.241611139431696653e-01
2.320775039019255637e+00
2.982864921974261119e+00
3.479902329273798944e+00
1.267763736765641358e+00
1.217066241292039663e+00
-1.577671226809619132e+00
-1.752468684933313758e+00
-1.037545475963496777e+00
2.105650867611124966e+00
8.949276384988934518e-01
1.976542711867935287e+00
4.702729524323289390e+00
1.111790008624977899e+00
-7.411374422002465323e+00
4.175812443542512575e+00
5.850801256300666164e-01
-5.180090163615845178e+00
-8.539111246191442461e+00
4.688142233508668433e+00
-2.421775097704414126e+00
3.460683601846477053e-01
1.830527960292755552e+00
4.299248782635761934e+00
1.889994835257625905e+00
4.617462177294870074e+00
1.641581606331419807e-01
7.659234842573746371e-02
-5.258436017454026778e-01
5.022333251312010916e+00
-8.050244640179036182e+00
3.394772686527913752e+00
1.502557360251188356e+00
2.656654073797667159e+00
-1.736647109293148139e+00
4.211242584046192228e+00
2.312435496325226936e+00
4.948937786126944793e+00
3.791024413732543508e+00
2.433754251179725880e+00
-8.352702780622022871e+00
-7.274168297905067249e+00
-8.772974318821193940e-01
3.390454028685538912e-01
2.154343997947955891e-01
3.701646985736163575e+00
-1.357344684633150278e+00
2.050341791427253035e+00
-7.864790110965621750e+00
3.441688386787417731e+00
4.207027791095155678e+00
-6.407672448663914722e-01
7.179443969573980899e-01
-7.847971743854785132e+00
-8.036859990296536083e+00
-7.198526793223948950e+00
7.553752526546876345e-01
3.379658334884613868e+00
4.209454261944303166e-01
1.798754725163613122e+00
-1.120060389565107201e-01
2.638505666537121819e+00
-8.173220288908112252e+00
3.743649446857450602e+00
-5.291427903958124679e-01
1.017027908657691881e+00
-3.559812186350871932e-01
2.230539995785831398e+00
4.282735654604895359e+00
5.263852649143986540e+00
4.369622701418334643e+00
-2.783456031144270759e-01
-8.269600954394313419e+00
1.944374076951040919e+00
-7.883302205577395583e+00
1.840753372883826566e+00
2.314664571745168153e+00
-7.778966519383666345e+00
3.463691446036880617e-01
-7.890275535648633820e+00
1.014504132382224172e-01
-2.200650201040849296e+00
-2.159453151329544962e+00
5.429986829804883008e+00
-5.518134483064648377e-01
2.810314905753296344e+00
1.535545819044009219e+00
4.090208889525632330e+00
1.983783825033322623e+00
1.302071453379545773e-01
-2.318268121827531836e+00
8.943936526634738149e-01
-2.332733393613423828e-02
-2.891754291241874775e+00
2.175888973895423462e+00
5.689492039741711471e-01
4.328722675938598385e+00
-8.097070323756643262e+00
4.934250881094981445e+00
1.973874628404038045e+00
4.013662562277422019e+00
-3.521118940939718667e-01
2.887857608031872969e-01
1.229786079456950620e+00
-8.046570373098584028e+00
-7.869424424075080360e+00
-8.095209057964162014e+00
-4.082925429297634135e-01
-7.704092586514100560e+00
-1.381042252064501819e+00
-5.148017600407935879e-01
-7.856964516532999099e+00
-1.745438307153960533e+00
-3.179443558648900048e+00
-2.609030106319651376e-01
4.478070243437190179e+00
1.217709960393531965e+00
1.395435169021363997e+00
-7.014895779238473628e-01
-3.069073940519506105e-01
5.029815226951517282e-01
-5.159672931192429424e-01
-2.338432904265119738e+00
2.988535613866649676e+00
-8.448314343652594260e+00
1.798505859112164762e+00
-8.085260295757130677e+00
8.083067932498604335e-01
-1.548301301541169073e+00
-1.973753940627864134e+00
9.914255361401275168e-01
-1.306364793267612789e+00
-2.717329546364560144e+00
6.863703346284551199e-02
-7.949553666457119583e+00
5.799029939188696803e-01
2.343625296791183032e+00
-2.634892294381384836e+00
1.718199298577078649e+00
-2.910948408139610311e-01
-7.356770429028884895e-01
-3.035046076646043645e+00
-8.580447458231866165e+00
-2.702124530778116651e-01
8.958500560592445039e-01
1.538031169946962651e+00
-3.522601711325857199e+00
-1.191479814559508243e+00
3.046954848226020030e+00
-8.224522422116709919e+00
-4.985087184776067382e+00
-8.161570711046389093e+00
-8.607129987695172346e-02
6.004545444494971962e-01
4.579789716459158555e+00
4.106829211603074903e+00
-2.816826256317340960e+00
-2.461289832076656026e-01
4.562523323528167474e+00
2.051443055756183131e+00
-1.054162079135941621e+00
3.507663879720700706e+00
1.510076508721447212e-02
-1.407115836790104213e+00
-2.557449621404610518e+00
-3.264768357165948487e+00
-7.292256457237388245e-01
2.204717014324092617e+00
-3.176240132766557256e+00
-2.520324491147542201e+00
-2.438750685937006946e+00
-1.486314693313885549e+00
-1.219646054095248289e+00
-2.801903537552769219e+00
4.080022857789101787e-01
-8.268539613387607901e+00
-7.615203365182767747e+00
-2.228755482439792157e+00
3.658979707783528434e-01
-1.877892995775876095e+00
4.153804109523929533e+00
-2.831293757035304282e+00
-8.645199723170764017e+00
-1.755857543760564798e+00
3.509076103869059438e+00
-8.010833864616950351e+00
3.432242752285787901e+00
-2.337449942724133534e-01
-5.473721764389692268e+00
-3.484811308615701209e-01
-2.289400397416323063e+00
3.296783615766028852e+00
7.525606090861115538e-01
3.475066104538745204e+00
4.174044888992277436e+00
5.011792112338163463e+00
-2.332617180883631125e+00
-7.542188374898663561e+00
-1.412630275047678463e+00
3.576086325988727221e+00
-1.190124032513589780e+00
-1.019583607837923012e+00
3.139103007124053768e+00
5.674300400315770432e+00
-8.849453447591013600e+00
-7.611883147020263252e+00
1.510273062737840233e+00
-2.708302995737340346e+00
-9.752308625984292823e-01
1.469047653498799288e+00
-7.486094443241551488e+00
4.939031307016461980e+00
4.758541373301707011e+00
3.174602608285943983e+00
3.136680029300801476e+00
4.907349545881537267e+00
4.337277876118879050e-01
-8.298169959607779589e+00
-8.074114660534512655e-01
-8.203090278197800345e+00
-3.018551454292665692e+00
-2.645696788319781501e+00
-7.997766223741172631e+00
3.930465804404304375e+00
-7.894478344488975452e+00
-7.164528467069494200e-01
-7.192778474372379938e-01
4.266672485082538380e+00
-1.278809359624709652e+00
-2.803380207100976129e-01
4.097405733685717699e+00
-5.073638039665488986e-01
-7.377594822306669187e+00
3.851547107930337055e-01
2.790643935779680770e-02
-7.516123048520809924e+00
2.128567548065903647e+00
-8.564193076552820472e+00
7.657632497179961417e-02
4.004543952677108165e-01
-1.127588734670196713e+00
-7.835906505129392130e+00
2.711058664756230474e+00
4.421082514201341240e+00
-1.587390849139875382e+00
4.562430277332223116e-02
3.475245543064029441e+00
1.892705522348866909e+00
2.548020390036471738e+00
-7.834601715175677050e+00
5.622771745486098149e-01
2.887223430695288418e+00
-1.215753307548536721e+00
-4.744019059559174245e+00
3.659099452885723913e+00
4.417460263632743356e+00
-8.656826715694668550e+00
8.445340200055726498e-01
2.207725324359993024e+00
8.935001106328735454e-02
5.066328697761261601e+00
1.710926121426651569e+00
-6.541685360088812295e+00
1.292563342426470641e+00
4.769598688367753803e-01
2.050483706589922850e+00
4.299684439726380702e+00
3.457919520784180634e+00
5.085796760448776155e+00
2.654951221501024028e-01
3.336446045027218754e-01
3.852935991380244118e+00
-1.667047414922597337e+00
-2.490363521723087670e-01
1.293965928626243933e+00
-6.762944242124227401e+00
3.925767332113185404e+00
-1.440346932045280415e+00
-4.800082015191965978e-01
-2.425073296009847557e+00
2.473071617319745896e-01
1.059615991438410454e+00
-1.630510115690597894e+00
-7.663415977974284310e+00
4.931031027870934835e+00
7.097223195054722655e-01
-7.663523897176031774e+00
-7.697867980582392633e+00
-1.197586664881630680e+00
-1.264225873487938578e+00
-1.071296760404595982e+00
3.974909029786575232e+00
-1.850945295027973392e-01
2.383841785597053509e+00
4.801018085070234420e-01
1.543444843658161592e+00
-3.702816001121596923e+00
2.699751810803763696e+00
4.055862498572647468e+00
-2.233451758443969926e+00
-1.584215884415946629e+00
-8.022978211964950646e+00
-5.161796277893751395e+00
9.058282663276761015e-01
-2.307224546468459536e+00
5.037503022903205840e-01
4.552325571338753818e+00
-7.905979419167805666e+00
-8.508015465764440677e+00
6.073554202305385674e-01
-7.034770503152084409e+00
3.185664227947918814e+00
-8.554882039679974071e-01
-2.602226838340327308e+00
7.112487361377981543e-01
-7.784644385246197729e-01
-2.746040926530264770e+00
3.646745395714999560e+00
1.138976491584132944e+00
-6.860870553329371235e-01
-6.775998455763533601e-02
-2.324816050211930829e+00
-7.315980740252139292e+00
-2.981121375823925918e-02
5.191866961497050070e+00
1.060142022201458589e+00
-1.050007395802893484e+00
5.329555757268341631e-01
-2.652028155372639251e+00
-2.544596226319888466e+00
1.028958531675454813e+00
1.744651360383207450e+00
-1.735236316343328866e+00
-8.012566415831967603e+00
7.093409418056558779e-01
-6.867369450400414799e+00
2.464004355011419456e+00
-1.710899024899989185e-01
-4.945972758358281318e-01
4.365129201626115396e+00
3.484014333676516362e+00
-8.482152962171390698e+00
-1.559081964871109172e+00
-1.568045796311216433e+00
-1.377109286419807788e+00
-1.989883404472909012e+00
3.232824234455105028e+00
-8.159197496441723985e+00
1.302405594619350682e+00
4.207832474918240528e+00
4.667688484902738466e+00
-3.422569224822193057e+00
1.127987815659972082e+00
-7.200936236624838616e-01
-8.208019748209464339e+00
-7.993546943831537632e+00
-7.954268080568607679e+00
-1.721149007581080248e+00
1.087103945584821041e+00
-8.092734315461900252e+00
4.053019230081903679e+00
4.803021709280401730e+00
-2.405510297059926916e+00
-3.666707422220297219e-01
1.681175650744912486e+00
-7.333595704263441428e-01
4.687522175218902909e+00
-3.239297560917679064e+00
-3.507523489486544133e+00
-2.000443878167196488e+00
-7.770373930311223809e+00
2.749255561078348897e+00
-7.086217525919521698e+00
1.656224969830337734e-01
-8.227144745218062383e-01
-1.930675905950980376e+00
1.654187507250603373e+00
-6.999020431760885508e+00
7.243838454958552164e-01
-8.559148989984326050e+00
-3.101808242312294350e+00
1.170158038410609169e+00
-8.126587618195891594e+00
-8.293448147564040918e-01
9.974531596932774136e-01
-1.630735222933432926e-01
2.388206320429917984e+00
-2.976330817607289458e-01
-7.140215900506253988e+00
-1.102215042272495671e+00
-8.766919155697481258e+00
4.309106396992401500e-01
5.857306367406550862e+00
8.339124399841132407e-01
-1.100390426046420567e+00
2.342605751185082852e-01
-1.595490544413837419e+00
-2.532180301297183966e+00
-8.199307223990469851e+00
1.400930921723818834e+00
-1.431382796468622320e+00
-2.234320140144819167e+00
-7.623609621980634188e+00
4.017504594130417495e+00
-4.847118972107886670e+00
-7.943873146878926983e-01
4.407128297434358188e+00
1.117469993281280605e+00
1.324336628778164937e-01
5.179465901537026795e+00
-3.587462080911768769e+00
-2.066325356334691055e+00
4.363134247432133961e+00
-3.340473708896143812e+00
9.420223176128463827e-01
4.194548793826297306e+00
2.541551499286977545e-01
5.703159954108820706e+00
2.074765032324065395e+00
4.150718381314016270e+00
-8.187899933396826313e+00
2.822850678287796455e+00
-6.915114994391943770e-02
-7.882200498844514902e-01
1.653284498640912537e+00
-1.420464965440518590e+00
-9.546929288631642585e-01
-1.385444580118835312e+00
-1.915041253677318256e+00
-8.195611874680842845e+00
4.213674377628907841e+00
-6.249198040925629805e-01
6.119168934157822592e-01
-1.895572258612655325e+00
-7.672983773500149596e+00
3.209589085526827201e+00
-2.628629768035197323e+00
4.247568021069691113e+00
-8.840760099902917446e+00
-7.511409705073804233e+00
2.325738818336862135e+00
3.755018685665482803e+00
4.541553239122490204e+00
-2.316084008735885380e+00
3.511454537027905776e+00
-2.799068066583751055e-02
2.885383797722344212e+00
1.261145138409611732e+00
-3.117739326102087816e+00
4.867747802599546425e+00
-2.080197912608795718e+00
1.151807925526122878e+00
4.562752982504705734e+00
-7.593715642277363287e+00
1.580651264141431200e+00
-5.746304702993298985e-01
7.949901182246282838e-01
-1.559362778882221745e+00
9.869767792606364276e-01
9.104051939592689990e-01
7.609295429333031713e-01
2.443151789674913310e+00
-1.217242388179844204e+00
5.446100427863697746e+00
-1.320625133415633146e+00
-7.524432261281842393e+00
-8.330375378932112440e+00
2.367215354211704426e-01
-1.910264864493483594e-01
-8.469948593710116214e+00
-1.143818649935156140e+00
1.982991091359700420e-01
5.298713053598813616e-01
3.997909155884078913e+00
-1.502808714290144287e+00
4.186069574826445816e+00
-7.537003849401465061e+00
-1.535262952888576171e+00
-8.504978046549581450e+00
-9.882377102775170563e-01
-2.251234851876569465e+00
-1.345560796634153400e+00
2.644352276048121286e+00
4.118033759281624739e+00
-1.560488562762264220e+00
-8.534495939763058203e+00
2.383048856771908808e-01
4.292678385852661371e+00
-8.071043268100622115e+00
-1.897033080814535921e+00
-3.952885926048343435e-01
-3.129914943676731943e-03
-7.653029285115014346e+00
-2.336322532725506385e+00
-7.877619003088110361e+00
3.936490177512171673e+00
8.873022918733460829e-01
9.506118597378958313e-02
-2.364341409506815594e+00
-8.039433702705224505e+00
-8.169804343237279554e+00
1.518555216733453950e+00
-7.452811195998934601e-02
-7.564368833656824442e+00
4.344073255718631787e-01
3.745941867222136068e+00
9.714173574210825945e-01
1.288934082482533494e+00
3.551134404997862148e+00
7.990444908862421869e-01
1.963459443253251280e+00
-1.214713918279471061e+00
1.142619123190953268e+00
-5.300548804850754303e-01
-7.580048183182914734e-01
-7.697051879223423931e+00
-7.739760022620745694e+00
-8.779717610967518127e+00
4.553171887138475427e+00
1.985635358814496376e+00
4.030295731027584982e-01
-5.634188787507862228e-01
-9.314611568677809927e+00
-7.520072137500195097e+00
-4.192770597824946321e-01
-7.315522078230330294e+00
-1.680501186751771625e+00
-2.524232591618734700e-01
3.584999933669132055e+00
-3.209664764314122731e+00
2.722346926623229191e+00
4.019594574883292637e+00
1.263526323914837768e+00
4.411654316281651056e+00
-7.881067672709338723e+00
4.331638723395565549e+00
3.112564586579445347e+00
-1.868790626512290887e+00
-6.115727313401624343e-01
1.138611617703692291e-01
2.283101942865422451e+00
1.769036074502577494e+00
-4.311836234127611078e+00
3.501540123497154600e+00
3.959095019148364702e+00
-2.049662602776828102e+00
-8.139764189234670155e+00
-8.404628575489594411e+00
-8.094315416427708243e+00
9.012203451471650917e-01
-7.772028536686813815e+00
3.114741170053782149e+00
-8.285905962563804295e+00
9.885639287706564637e-01
-7.764386348395657222e+00
-7.956337857535500824e+00
-1.602400222143596675e+00
3.733927407032899382e+00
1.149290196595353919e+00
-8.345592239733669038e-01
-3.321411767321278408e+00
2.547806746093220553e+00
-7.888164035175919686e+00
3.772817256857411650e+00
-3.056988362874101472e+00
-3.063936090662549461e+00
-1.903104515853748513e+00
9.003499572108086824e-02
-1.213469649113138871e-01
-7.661941438257702686e+00
2.705756014557250566e+00
1.530667783291923989e+00
5.049429243230740383e+00
5.073828198930275812e-01
-2.327503853851555782e+00
-2.408023059857360426e+00
-2.595458053514075325e-01
-1.203623270922407895e-01
-3.518499583136322668e-03
1.926787300963977295e-02
4.418016842150459533e-01
-1.799973198080980219e-01
2.270592247355669890e+00
-6.829971739893688110e+00
3.181381136183623060e-01
-1.418206543141870446e+00
-1.736001103101497411e-01
2.052506861905213142e+00
4.043310398920876736e+00
2.828945839022170006e+00
-8.356036117739355618e+00
-1.204802194388222697e-01
-2.478370851287292065e-01
-3.823101898379322461e-01
2.078546313176159011e+00
-8.640844333720552939e+00
-2.476758484866211862e+00
1.066593601876838715e+00
2.815592433856787480e+00
5.026616333882660825e-01
3.850931684846583991e+00
2.944328081751582893e+00
-7.382081882931845751e-01
3.665282757788343115e+00
4.256704958262514715e+00
3.776895928009521342e+00
-3.548411791656453373e-01
-3.302554804293939217e+00
-9.401418559761559379e+00
-7.756328278036138890e+00
2.911301599403712803e+00
-9.069276143985902094e-02
-8.467811056645373480e-01
-2.543381660533733157e+00
-2.167470911565783531e+00
-8.131287411900204987e+00
-4.168409250206975614e+00
4.363856572156930014e+00
1.320623020483345345e+00
-5.141677474518555613e-01
-7.443131046063898637e+00
3.754867103307854670e+00
-1.180941672640538842e+00
-2.685170216887402983e+00
-7.666081584395559645e+00
-2.911906992167134334e+00
1.652692239150077791e+00
3.892320072197442471e+00
5.528679794299563355e+00
8.147022120649676236e-01
-1.994197927669265846e+00
-1.836004266635229421e+00
5.245754731048279940e-01
3.791433231097397771e-02
-2.279543936486455369e+00
5.507767665320094652e-01
2.302990214177315753e+00
-1.522585279017536708e+00
5.111903107412052449e+00
-5.113706671251034841e+00
-3.612346626808475292e-01
3.803072472867557452e-01
6.873898402721605461e-01
1.236296385272903642e+00
1.495968258683872065e+00
-1.520487468132980302e+00
-8.044546918351958453e+00
1.363413689461796086e+00
-1.067046704105549582e+00
-9.573826520644899141e-01
1.472075847205486232e+00
2.175374415108442427e+00
-3.146476413322762955e+00
1.511532251826025908e+00
-1.509046856060515696e+00
2.897625621874042601e-01
2.776300606911306534e+00
-1.214640240577730679e-01
2.463080063968199063e-01
-6.877900746849527902e-01
1.767208096488675828e+00
-9.147871553370185538e+00
3.868818158468468216e+00
-6.047624262816472251e-01
1.464678905864802871e+00
3.549392761459536416e+00
1.216814581564761077e+00
-1.707047464867045949e+00
-1.600126276155414029e+00
9.105720314588983122e-01
-5.718506139239606378e-01
9.388121759044397718e-01
4.504607776167148248e-01
-3.136049575007270995e+00
4.476976970177506843e+00
4.272766518892359144e+00
1.608271676922922389e+00
5.168361807537677599e+00
-8.403895711343929875e+00
6.373897618694079892e-01
-2.750281011794859509e+00
5.075436429444253328e+00
-2.793799144865172668e+00
-7.767148168438124500e+00
-7.582995910014185270e-01
3.023796199135298401e+00
1.617930544199226883e+00
4.537490371768943653e+00
4.429455201034410372e+00
3.554365023199481666e-01
1.068846148268894014e+00
-1.011016247529146206e+00
1.956367462798515255e+00
8.819701037439141578e-01
-1.211232464302029188e-01
7.933874034854333790e-02
5.397352020927754790e-01
4.951062713683969996e+00
-7.548233863529886456e+00
1.768425139426976100e+00
-1.246908518461271154e+00
-2.955373670509240380e-01
4.340092793898323364e+00
3.713153719698476962e+00
-8.181130926722404162e-01
4.237944254158407809e+00
3.801919872047425653e+00
1.252212812710930878e+00
1.743605255190638470e+00
-4.219842019947656619e-01
1.171370483980193056e+00
-6.635163732558594374e-01
-8.909343278048091008e+00
-2.626396853991626923e+00
3.945096110207713114e+00
-1.210477088458403516e+00
-9.080040013913597718e+00
-1.616625441755073833e+00
-7.540541805793224972e-01
2.124535113199926550e-01
5.828545774212326336e+00
-2.464068361412077746e+00
1.127279507248538648e+00
-3.556109821877030619e+00
1.212229330825985996e-01
6.238642934204818857e-01
2.530639967390808653e+00
-7.374193463252890490e-01
-2.446835577208690715e+00
-2.731692199166451562e+00
-7.683928299616162860e+00
3.395302892212152646e+00
4.514544332166549268e+00
-7.278677693276817351e+00
-2.263921700504158085e+00
-8.644249672226754555e+00
5.117445230242442022e+00
-7.868108767015085547e+00
-2.017352433560331004e+00
-7.593671324561998226e+00
7.625935090145913309e-01
3.552224878308353428e+00
-5.044928017710968993e-01
-1.955313061031900945e+00
-8.436897406077408235e+00
-4.132866933367050910e-01
-5.345988602266682488e-01
6.777911531603302286e-01
-7.882991391763195743e+00
7.636461760997527159e-01
-7.902825283445999105e+00
5.813745977346600480e-01
-8.057955170632387976e+00
2.445024547694497896e-01
2.474912952989702930e+00
5.074688900410202486e+00
-1.482679683137042570e+00
-8.305576108228668986e+00
3.773994185465081141e+00
1.585585575800913416e+00
2.741470011363577597e-01
-1.202181643756491836e+00
-8.005309949613193865e+00
3.804069552464182991e+00
2.119680325611681848e+00
1.966067834344911613e+00
1.781113539652889599e-01
-4.241317072565505830e-01
-7.166396759344840106e+00
4.453570223377504966e+00
-2.954338590885872140e+00
1.356349653633414087e+00
-1.853244577903681231e-02
-2.494147397159365287e+00
3.839021071930657225e-01
-5.556252319767073233e-01
-7.990681952952868095e+00
1.585639927156034856e+00
-1.402213207568812292e+00
-3.786795545393750295e+00
-7.684764124670160346e-01
4.347500732553663205e+00
-7.853644794094789994e+00
-3.576171201169412228e+00
2.976982362371307200e+00
-2.542344221290787631e-01
-5.847393234294535613e-01
8.930832509786520990e-02
4.021834524995471227e+00
-9.719617531853471659e-01
-2.469085284883439702e+00
3.547684021499901696e+00
3.435821624489713511e+00
-1.995595734280287026e+00
-9.300674519404237284e-01
-8.871380896434906127e-01
-7.271161785789191256e+00
1.592970434289516124e+00
-6.554488228627426416e-01
-4.584841958331534739e-01
-2.643533561219032268e+00
-9.059648499034171465e+00
3.295548316919499676e+00
